-6.572943064999980933e-02 5.377478074770987160e-01
-5.385933500780522992e-02 5.305230763430720531e-01
-3.880109632746278625e-02 5.240655731144594487e-01
-2.581839900941935648e-02 5.141021034508519438e-01
-1.534482730871714398e-02 5.067677340506848704e-01
-3.412228607427045517e-03 5.004883681924392480e-01
9.953291636817454199e-03 4.931495660401543080e-01
1.925223581918134377e-02 4.866193085112453520e-01
3.157337672704895598e-02 4.797120848822258310e-01
4.101096661297290447e-02 4.717206277209738396e-01
5.328471056885873691e-02 4.722534299712315975e-01
6.310598959136376473e-02 4.675101031824817066e-01
1.142457276828785923e-01 5.981880253784838120e-01
1.277320528272870293e-01 5.875253910943144531e-01
1.467486264867665369e-01 6.247462709966723482e-01
1.606813676019378523e-01 6.213087482126506966e-01
1.759935776420937514e-01 6.207848444741030924e-01
1.912693158592432552e-01 6.159878641748853800e-01
2.078925734493653754e-01 6.292998016880350098e-01
2.415340332471443141e-01 6.838485748200161529e-01
2.587809323094203973e-01 6.847309172755873252e-01
2.770181061350288632e-01 6.834963195755788812e-01
2.942485839205905007e-01 6.833401575062943989e-01
3.139049774646288649e-01 6.858255810502629224e-01
3.318892275320766139e-01 6.842585700217144185e-01
3.509225278738875020e-01 6.859472497434482285e-01
3.704317919816920712e-01 6.867098004173468606e-01
3.906435425704151143e-01 6.852183485196788881e-01
4.107558905200034971e-01 6.844579321646575565e-01
4.318807122376553398e-01 6.840760560033479765e-01
5.651555200792128808e-01 7.778698400915119437e-01
5.648392765032671514e-01 7.432219330181705219e-01
5.669856807623744333e-01 7.092187517335020175e-01
5.667543953828636516e-01 6.758057822438371387e-01
5.667190447326058145e-01 6.458638299497524438e-01
5.681618424327834482e-01 6.156437145812381218e-01
5.682172789258770340e-01 5.880851863718996597e-01
5.698601334755141190e-01 5.618358219046460933e-01
5.683476807823867327e-01 5.349403366257606818e-01
5.692488958674833954e-01 5.103096555559683001e-01
5.712715229030232988e-01 4.898010791332134684e-01
5.698793034728466544e-01 4.645752274640815305e-01
5.694283080684505727e-01 4.438866994744286587e-01
5.726559491585714312e-01 4.251949275253594784e-01
5.704082465765595300e-01 4.035913709898352186e-01
5.718385226595987803e-01 3.838974687367545657e-01
5.715761833190949881e-01 3.669894128750533779e-01
5.719360414802012738e-01 3.470593097093888635e-01
5.706884674206498254e-01 3.280361804025125894e-01
5.970168841300077522e-01 3.260535271450025752e-01
6.125955734140130504e-01 3.169885265014437681e-01
6.300841257282973062e-01 3.083767898289482279e-01
6.491404947142571658e-01 3.003317842355841538e-01
6.683591147169507529e-01 2.923462737487412810e-01
6.936897772255923300e-01 2.851218914301532625e-01
7.121900267999706768e-01 2.751683407055706687e-01
7.378097209721854455e-01 2.651279231596435637e-01
7.599136337800957985e-01 2.540331310973639178e-01
7.849867394166017975e-01 2.430409048701310804e-01
8.113177667949991179e-01 2.316841465935366717e-01
8.386103445136479095e-01 2.210322432920152624e-01
8.674833269763312371e-01 2.087647956866185706e-01
9.020061281672951958e-01 1.945572081641926132e-01
9.359339656259793028e-01 1.808678370734507213e-01
9.707076661951676844e-01 1.657081449112595140e-01
1.527138059408620130e+00 1.693564215070514356e-01
1.532857961614568554e+00 1.345289263126321633e-01
1.539057038630110785e+00 9.918918460756448452e-02
1.547669419362324605e+00 6.419009558089440459e-02
1.557474229428854828e+00 2.931018875740843896e-02
1.566236895882214153e+00 -6.406908556090448216e-03
1.575471136098941516e+00 -4.082522895356146403e-02
1.578908845683553386e+00 -7.627201008383935332e-02
1.687314984799229478e+00 -1.189133805422074308e-01
1.691074906874600270e+00 -1.586439703835652582e-01
1.683628280367992502e+00 -1.960122790671961213e-01
1.688912500834840236e+00 -2.354827531345028147e-01
1.686455074335946991e+00 -2.751287784775260370e-01
1.472165913944456506e+00 -2.770045519844085979e-01
1.687883500198566811e+00 -3.534820218305793627e-01
1.631036247431457253e+00 -3.812423895171030419e-01
1.696306982524210527e+00 -4.362280035023065050e-01
1.618243948732587256e+00 -4.568684410094046577e-01
1.616841448148508942e+00 -4.952824765212601177e-01
1.613906819284862904e+00 -5.341392877010795459e-01
1.617181841377582696e+00 -5.776421508326855525e-01
1.622307261832875769e+00 -6.207158353097796955e-01
1.620417740983095545e+00 -6.608678723521379528e-01
1.612763483229712858e+00 -7.028189736061225545e-01
1.611620039830607753e+00 -7.456332273419622458e-01
1.610932308476899610e+00 -7.895144694717678435e-01
1.605301386455185497e+00 -8.323313770038101023e-01
1.608857305471909305e+00 -8.809377010490964111e-01
1.605358238881402499e+00 -9.274378280270875186e-01
1.607931221297041136e+00 -9.775173911896429813e-01
1.606879415194055749e+00 -1.027395302464250815e+00
1.614136323445907850e+00 -1.084271266488477492e+00
1.621776666766861386e+00 -1.142845765241560896e+00
1.618740749965422498e+00 -1.195756929480812802e+00
1.616816323067453709e+00 -1.252578356815507776e+00
1.625071049356227482e+00 -1.317424792746914042e+00
1.615032617873729981e+00 -1.370253131068827734e+00
1.561549407586928062e+00 -1.386865421612678784e+00
1.531430591363261096e+00 -1.422626235641946124e+00
1.481203396744108947e+00 -1.441350776172723558e+00
1.487102786026647472e+00 -1.511636713563077716e+00
1.468952263388076052e+00 -1.564104315698620296e+00
1.435049182006001622e+00 -1.597284072331501603e+00
1.426048515938084904e+00 -1.661413819670097824e+00
1.060852574061866394e+00 -1.304942480957039130e+00
1.026302556919538755e+00 -1.320273882253382158e+00
9.903799399409831672e-01 -1.338421672927667005e+00
9.454991505132370744e-01 -1.339399718672042550e+00
8.841694988406032518e-01 -1.315473031772204981e+00
8.472917107424654537e-01 -1.326785521253192712e+00
8.013749905434653931e-01 -1.320625112222034270e+00
7.661504289990910266e-01 -1.328684530896822258e+00
7.198085073387998634e-01 -1.320564921828036864e+00
6.811210737032089568e-01 -1.320708174790096390e+00
6.447024420177968063e-01 -1.322751303630538722e+00
5.970371331979761331e-01 -1.301603112159287035e+00
5.697292762268655331e-01 -1.318144359245227548e+00
3.975653736745992650e-01 -1.318359121656529576e+00
3.647553816718345776e-01 -1.316659627254300746e+00
3.323666397802276240e-01 -1.317730403671858896e+00
2.992976358097226286e-01 -1.306147359679875830e+00
2.702055967126704150e-01 -1.317068405780485563e+00
2.079766122573482312e-01 -1.170161518233254982e+00
1.772481144725581992e-01 -1.145366363185126524e+00
1.488658063155558764e-01 -1.135533590084423450e+00
1.228854616208413658e-01 -1.136375009986682505e+00
9.807648987411438091e-02 -1.142548276719181910e+00
7.430870367902848994e-02 -1.167888384674469870e+00
4.945197300514486694e-02 -1.208238413917509302e+00
2.584775612441738563e-02 -1.316246232094638424e+00
-5.362781878393904980e-03 -1.310989031445543684e+00
-3.501272701382457386e-02 -1.309782108385610488e+00
-6.343737166391151538e-02 -1.313218665103559557e+00
-9.340861248338151734e-02 -1.315187089776176821e+00
-1.115813049410980112e-01 -8.867573934778563149e-01
-1.274409390152319577e-01 -8.371047542350454895e-01
-1.454313630636163701e-01 -8.354362445078969968e-01
-1.664820956360837656e-01 -8.429675404976266773e-01
-1.864116588443649192e-01 -8.354559793591114225e-01
-2.055800989267289047e-01 -8.381562043708060683e-01
-1.451066839182641732e-01 -4.928317286683610021e-01
-1.515985939196279608e-01 -4.767262619382235389e-01
-1.603434331016502790e-01 -4.685750163646976163e-01
-1.716740603104365825e-01 -4.653429026175520677e-01
-2.012325178746084964e-01 -4.824655803783782781e-01
-2.168006629033082666e-01 -4.844512721261924337e-01
-1.126010030286232755e-01 -7.356129496513756638e-02
-1.408287086572531932e-01 -6.293121100003161439e-02
-1.403729647723939433e-01 -5.895331424956738731e-02
-1.402905617426539187e-01 -5.517355150731741154e-02
-1.417380235387707688e-01 -5.207045883534022757e-02
-1.433533305664052848e-01 -4.901094383419819789e-02
-1.460941506842801940e-01 -4.628241173317176188e-02
-6.188114166783033054e-01 -8.593598250204205480e-02
-6.182884146767932965e-01 -7.010348619332465447e-02
-8.239732712264548065e-01 -4.588693500742091480e-02
-8.240658785355789995e-01 -2.675215567733392821e-02
-8.217125684944102115e-01 -7.843295118711788791e-03
-5.104626953405686507e-01 1.712889855308279835e-02
-5.091876179357537335e-01 2.877446334708728265e-02
-5.111912288471447408e-01 3.995109572647653762e-02
-5.096586087992728276e-01 5.146032429736310115e-02
-5.097741626836178597e-01 6.174587484371940604e-02
-4.946173189746377319e-01 7.144067658093292139e-02
-4.950187076233791839e-01 8.492079605655725172e-02
-4.950901674974035882e-01 9.567543335356692991e-02
-4.969220176362721397e-01 1.078923462915528653e-01
-4.999612866445215520e-01 1.193093116934071662e-01
-5.075163872545159771e-01 1.343581656175916461e-01
-5.112289914174971139e-01 1.453862728535558480e-01
-1.461224367468166196e+00 5.125188756692358183e-01
-1.476075080280872642e+00 5.550958091841577957e-01
-1.480761716510405002e+00 5.954500305795265014e-01
-1.475062745589777569e+00 6.313558003005497188e-01
-1.479780855827300678e+00 6.738876899951664612e-01
-1.480388169168837864e+00 7.155479935580396633e-01
-1.482461634477339585e+00 7.568802760693233989e-01
-1.479697860516564933e+00 7.992354497159774862e-01
-1.471873602014652782e+00 8.385845811201223521e-01
-1.477597408835259696e+00 8.867335901517015007e-01
-1.463198680086393200e+00 9.248841130614349204e-01
-1.407993857041316632e+00 9.346942272924960715e-01
-1.389408722718150191e+00 9.678010971964839948e-01
-1.389731917471855427e+00 1.017246410689170322e+00
-2.156688623624606116e+00 1.794694192119705711e+00
-2.046417417559186269e+00 1.783828275258129148e+00
-1.960707194407321996e+00 1.789783467433803121e+00
-1.849313575870239479e+00 1.768400650475459024e+00
-1.759558632430673342e+00 1.761479060772139560e+00
-1.668790797097554846e+00 1.747052739765605045e+00
-1.603593124519979485e+00 1.758661164349815786e+00
-1.552054327970742831e+00 1.782486918052215819e+00
-1.482692382507282858e+00 1.783733037439986013e+00
-1.460902347419682057e+00 1.840723860687328406e+00
-1.471321401510695459e+00 1.941470920064630512e+00
-5.878260705767317518e-01 8.375566089825327021e-01
-5.605290414605481608e-01 8.398822870970187315e-01
-5.017963686150367364e-01 7.933800898338463359e-01
-4.624354184018029668e-01 7.715268846952446635e-01
-4.254105913724868238e-01 7.500005941651719521e-01
-3.917472319978339557e-01 7.300317501465503067e-01
-3.601993641493018150e-01 7.112411550004953398e-01
-3.306025163606547412e-01 6.945844359586550443e-01
-3.042598554002168276e-01 6.783938313338641057e-01
-2.778765995473068684e-01 6.636752559980111377e-01
-2.532320637009270459e-01 6.485657903511174993e-01
-2.309355310681928120e-01 6.371921554682321576e-01
-2.101150095865670087e-01 6.251335319325278528e-01
-1.896383371968776710e-01 6.107352544803708039e-01
-1.719191962123997608e-01 6.014100431267193070e-01
-1.531521173106676625e-01 5.902029239704421615e-01
-1.355712814658358578e-01 5.785788538667059333e-01
-1.205903865361180882e-01 5.703919342654396596e-01
-1.042995502928737994e-01 5.568158167731088737e-01
-8.785219116787207350e-02 5.507876678058466480e-01
-7.469542713694153624e-02 5.411188923562268993e-01
